 -1.2592827e+001
 -1.1900038e+001
 -1.1232277e+001
 -1.0176873e+001
 -9.1705781e+000
 -8.2808005e+000
 -8.0543022e+000
 -6.8674868e+000
 -6.5269628e+000
 -5.1651760e+000
 -4.7270674e+000
 -3.9428237e+000
 -2.8580029e+000
 -3.1107012e+000
 -1.8744708e+000
 -1.4835229e+000
 -9.0097765e-001
  3.6055139e-001
  8.2185595e-001
  1.5474687e+000
  2.3919191e+000
  2.9781627e+000
  3.6558444e+000
  4.7217156e+000
  5.0053375e+000
  5.8578093e+000
  6.7717248e+000
  7.1928266e+000
  8.1628178e+000
  9.1261927e+000
  9.8485954e+000
  1.1331284e+001
  1.1265638e+001
  1.2775682e+001
  1.3654849e+001
  1.4199229e+001
  1.5211934e+001
  1.6330416e+001
  1.7274215e+001
  1.8232853e+001
  1.8850453e+001
  2.0665152e+001
  2.1127954e+001
  2.2273855e+001
  2.3319968e+001
  2.4464638e+001
  2.5335634e+001
  2.6227960e+001
  2.6756470e+001
  2.8263193e+001
  2.9295424e+001
  2.9358621e+001
  3.0079942e+001
  3.1093123e+001
  3.1663565e+001
  3.1830090e+001
  3.2150540e+001
  3.2379348e+001
  3.2008274e+001
  3.2272160e+001
  3.1714295e+001
  3.1197586e+001
  3.0884264e+001
  2.9495487e+001
  2.9174569e+001
  2.8048850e+001
  2.6645836e+001
  2.5572621e+001
  2.4558293e+001
  2.2896337e+001
  2.1445213e+001
  1.9836988e+001
  1.8026507e+001
  1.6572996e+001
  1.4574070e+001
  1.2722129e+001
  1.0017725e+001
  7.9498833e+000
  5.5361627e+000
  2.8083346e+000
  3.5970175e-001
 -2.6268121e+000
 -5.9272968e+000
 -8.6253503e+000
 -1.1495798e+001
 -1.3901689e+001
 -1.6606093e+001
 -1.9248937e+001
 -2.0834471e+001
 -2.1910473e+001
 -2.3590651e+001
 -2.3686432e+001
 -2.5249335e+001
 -2.5103181e+001
 -2.4652494e+001
 -2.3982549e+001
 -2.3845411e+001
 -2.3105904e+001
 -2.1856685e+001
 -2.1318368e+001
 -2.0313383e+001
 -1.9384909e+001
 -1.8826274e+001
 -1.7848357e+001
 -1.7130512e+001
 -1.6827295e+001
 -1.5758498e+001
 -1.4577621e+001
 -1.4243906e+001
 -1.2945813e+001
 -1.2347972e+001
 -1.0884341e+001
 -9.7537948e+000
 -8.6976801e+000
 -8.0210989e+000
 -7.8055362e+000
 -5.8687396e+000
 -5.6276422e+000
 -4.4778762e+000
 -4.5113106e+000
 -3.3046075e+000
 -2.7641823e+000
 -2.3901551e+000
 -1.0401961e+000
 -5.1078018e-001
 -1.7337821e-001
  2.9334909e-001
  1.0957846e+000
  1.8213804e+000
  2.2040871e+000
  2.9944289e+000
  4.1502671e+000
  4.7352147e+000
  5.2740553e+000
  5.7157299e+000
  6.5336020e+000
  7.6333667e+000
  8.2991974e+000
  9.0209073e+000
  1.0103525e+001
  1.0386908e+001
  1.2097006e+001
  1.2771169e+001
  1.3705470e+001
  1.4988587e+001
  1.6036295e+001
  1.7170080e+001
  1.8185809e+001
  1.9293246e+001
  1.9955628e+001
  2.0873104e+001
  2.1935644e+001
  2.3055022e+001
  2.4468512e+001
  2.4804674e+001
  2.6120310e+001
  2.7295375e+001
  2.8422239e+001
  2.8936380e+001
  3.0095526e+001
  3.1066262e+001
  3.1929336e+001
  3.2844206e+001
  3.3510309e+001
  3.4083206e+001
  3.4805794e+001
  3.5461933e+001
  3.6250203e+001
  3.6337919e+001
  3.6431385e+001
  3.6500747e+001
  3.6370058e+001
  3.6316484e+001
  3.5337844e+001
  3.4832882e+001
  3.3505642e+001
  3.2407868e+001
  3.0975218e+001
  2.9783746e+001
  2.7548381e+001
  2.5978732e+001
  2.4742701e+001
  2.3350245e+001
  2.1665262e+001
  2.0086734e+001
  1.8988077e+001
  1.6859990e+001
  1.5490684e+001
  1.3875298e+001
  1.1398114e+001
  8.7731502e+000
  7.0644839e+000
  3.5020706e+000
  8.4831272e-001
 -2.1028960e+000
 -5.1864430e+000
 -8.7266912e+000
 -1.1719284e+001
 -1.5357829e+001
 -1.7708397e+001
 -2.0408544e+001
 -2.2747425e+001
 -2.3708182e+001
 -2.4796775e+001
 -2.5792747e+001
 -2.6346323e+001
 -2.5263592e+001
 -2.5405028e+001
 -2.4236167e+001
 -2.3470190e+001
 -2.1975552e+001
 -2.1060910e+001
 -2.0121924e+001
 -1.8901260e+001
 -1.7930987e+001
 -1.6595647e+001
 -1.5861622e+001
 -1.5056821e+001
 -1.4409911e+001
 -1.3567427e+001
 -1.2263219e+001
 -1.1111654e+001
 -1.0723901e+001
 -9.8869393e+000
 -8.2030330e+000
 -7.7040306e+000
 -7.0615993e+000
 -6.3420094e+000
 -4.9212707e+000
 -4.0769588e+000
 -3.2612693e+000
 -2.8038081e+000
 -2.1997854e+000
 -9.4368915e-001
 -4.1893266e-001
 -4.2686129e-001
  7.5339190e-001
  2.1198255e+000
  2.0803104e+000
  3.0566816e+000
  3.6435180e+000
  4.8140384e+000
  5.0745297e+000
  6.0151449e+000
  6.5896317e+000
  7.5194690e+000
  8.6483687e+000
  9.2520286e+000
  1.0086198e+001
  1.0761577e+001
  1.1566079e+001
  1.2996083e+001
  1.4021648e+001
  1.5000735e+001
  1.5484606e+001
  1.7167231e+001
  1.8103050e+001
  1.9402173e+001
  2.0167315e+001
  2.1215530e+001
  2.2038935e+001
  2.2928587e+001
  2.4082580e+001
  2.5454829e+001
  2.6439631e+001
  2.6518397e+001
  2.7779114e+001
  2.8478698e+001
  2.9288149e+001
  3.0212803e+001
  3.0473725e+001
  3.1148157e+001
  3.2084240e+001
  3.2620838e+001
  3.2917976e+001
  3.3227584e+001
  3.3656472e+001
  3.3248247e+001
  3.3155289e+001
  3.2981078e+001
  3.2291547e+001
  3.1843724e+001
