  3.0760939e+001
  3.0656787e+001
  3.0496973e+001
  3.0409918e+001
  3.0756490e+001
  3.0180240e+001
  3.0422220e+001
  2.9831803e+001
  3.0651319e+001
  3.0569335e+001
  3.0604300e+001
  3.0053422e+001
  3.0229743e+001
  3.0208240e+001
  2.9698443e+001
  2.9664184e+001
  2.9933512e+001
  3.0445254e+001
  3.0667392e+001
  3.0213796e+001
  2.9793393e+001
  3.0341332e+001
  3.0424428e+001
  3.0352561e+001
  3.0467212e+001
  3.0001436e+001
  3.0114027e+001
  3.0713799e+001
  3.0461658e+001
  3.0116801e+001
  3.0444615e+001
  3.0320728e+001
  3.0686000e+001
  3.0494897e+001
  3.0578010e+001
  3.0615414e+001
  3.0224453e+001
  3.0501357e+001
  3.0446012e+001
  3.0651410e+001
  3.0961523e+001
  3.0593459e+001
  3.0521397e+001
  3.0598893e+001
  3.0496650e+001
  3.0289085e+001
  3.0925394e+001
  3.0789841e+001
  3.1108704e+001
  3.1153640e+001
  3.1171379e+001
  3.1538418e+001
  3.1883177e+001
  3.2022871e+001
  3.2367246e+001
  3.2513952e+001
  3.3618017e+001
  3.4218984e+001
  3.4006966e+001
  3.4962232e+001
  3.6503133e+001
  3.7188642e+001
  3.8147598e+001
  4.0196689e+001
  4.0392499e+001
  4.1364665e+001
  4.2732801e+001
  4.3358276e+001
  4.3998307e+001
  4.4497802e+001
  4.5061646e+001
  4.5464422e+001
  4.4837097e+001
  4.4810029e+001
  4.4203245e+001
  4.3267936e+001
  4.2555678e+001
  4.1276514e+001
  4.0560886e+001
  3.8206454e+001
  3.7285079e+001
  3.6272683e+001
  3.4916529e+001
  3.4372009e+001
  3.4052224e+001
  3.3445920e+001
  3.3279847e+001
  3.2985754e+001
  3.3225448e+001
  3.3206548e+001
  3.3507960e+001
  3.3707575e+001
  3.4101193e+001
  3.3985117e+001
  3.3785270e+001
  3.3504116e+001
  3.3254001e+001
  3.2672921e+001
  3.2767851e+001
  3.2479041e+001
  3.1561536e+001
  3.1910397e+001
  3.1077457e+001
  3.1012878e+001
  3.0878715e+001
  3.0597235e+001
  3.0533465e+001
  3.0224248e+001
  3.0485497e+001
  3.0639769e+001
  3.0957066e+001
  3.0519769e+001
  3.0906199e+001
  3.0404233e+001
  3.0155903e+001
  3.0265210e+001
  3.0254554e+001
  3.0487616e+001
  2.9926532e+001
  3.0155823e+001
  2.9841696e+001
  2.9369506e+001
  3.0074304e+001
  2.9765063e+001
  3.0246441e+001
  2.9884723e+001
  3.0256583e+001
  3.0248519e+001
  3.0545719e+001
  2.9882557e+001
  2.9796008e+001
  3.0353360e+001
  3.0045248e+001
  3.0073618e+001
  3.0305005e+001
  3.0301744e+001
  3.0284775e+001
  3.0457387e+001
  3.0382112e+001
  2.9853973e+001
  3.0225792e+001
  2.9954943e+001
  2.9834928e+001
  3.0094677e+001
  3.0079618e+001
  2.9938625e+001
  3.0226678e+001
  3.0292230e+001
  3.0294141e+001
  3.0074691e+001
  2.9918972e+001
  3.0150835e+001
  3.0227273e+001
  3.0471744e+001
  3.0725175e+001
  3.1209438e+001
  3.0819284e+001
  3.0959319e+001
  3.1094955e+001
  3.1131447e+001
  3.1662232e+001
  3.1748150e+001
  3.2165095e+001
  3.2527993e+001
  3.2313706e+001
  3.3206378e+001
  3.3202398e+001
  3.3684027e+001
  3.4207847e+001
  3.4889587e+001
  3.5206027e+001
  3.6456933e+001
  3.6805653e+001
  3.7955432e+001
  3.9017147e+001
  3.9458639e+001
  4.0194337e+001
  4.1375382e+001
  4.1891145e+001
  4.3108767e+001
  4.3945279e+001
  4.4636971e+001
  4.5089163e+001
  4.5402037e+001
  4.5801260e+001
  4.5911325e+001
  4.5321934e+001
  4.4443158e+001
  4.4081187e+001
  4.3191671e+001
  4.1436526e+001
  3.9643204e+001
  3.9199206e+001
  3.7574734e+001
  3.5776116e+001
  3.4926097e+001
  3.4413938e+001
  3.3262447e+001
  3.2880501e+001
  3.2731981e+001
  3.2713247e+001
  3.2743252e+001
  3.2815542e+001
  3.3538607e+001
  3.3757043e+001
  3.3915021e+001
  3.4309292e+001
  3.3604051e+001
  3.3341412e+001
  3.3244681e+001
  3.2610885e+001
  3.2552685e+001
  3.2237663e+001
  3.1652053e+001
  3.1400615e+001
  3.0962504e+001
  3.0720052e+001
  3.0370193e+001
  3.0469359e+001
  3.0152203e+001
  3.0892293e+001
  3.0371347e+001
  3.0225793e+001
  3.0147615e+001
  3.0590976e+001
  3.0436757e+001
  3.0492805e+001
  3.0478934e+001
  3.0124916e+001
  3.0484030e+001
  3.0094459e+001
  3.0217012e+001
  2.9557093e+001
  3.0009333e+001
  2.9825379e+001
  2.9744793e+001
  2.9376124e+001
  2.9438409e+001
  2.9862515e+001
  2.9844547e+001
  2.9567666e+001
  2.9685265e+001
  3.0128019e+001
  2.9868443e+001
  2.9922433e+001
  3.0188654e+001
  3.0346054e+001
  2.9715304e+001
  3.0455324e+001
  3.0041288e+001
  2.9930152e+001
  3.0408531e+001
  3.0157895e+001
  2.9902710e+001
  2.9926790e+001
  2.9842913e+001
  2.9798515e+001
  3.0235470e+001
  3.0096466e+001
  2.9445700e+001
  3.0170314e+001
  3.0415574e+001
  3.0527279e+001
  3.0370854e+001
  3.0350646e+001
  3.0686639e+001
  3.0579470e+001
  3.1011384e+001
  3.0562150e+001
  3.1405402e+001
  3.1943884e+001
  3.2045840e+001
  3.2376637e+001
  3.2470063e+001
  3.3038956e+001
  3.4068369e+001
  3.4257055e+001
  3.4644288e+001
  3.5620958e+001
  3.6914410e+001
  3.7579650e+001
  3.8604812e+001
