322.345629 223.612344
27.819840 221.395775
384.598843 240.692717
241.633832 23.777918
398.415609 245.353110
133.416001 140.567552
463.640309 174.918696
47.922038 181.094682
477.789820 69.126684
284.494549 257.991187
75.328551 124.379179
111.412551 149.203549
32.922715 39.336373
193.460246 126.667037
248.293022 130.053460
27.154143 212.982085
272.825997 221.744700
180.813441 269.350573
110.246551 373.190112
14.007904 27.548400
25.790346 190.856076
191.880198 377.029337
71.673445 207.665578
449.769048 77.347414
347.586878 145.583719
174.608172 230.102189
444.227620 366.982266
90.157731 364.353560
132.331727 220.728283
119.653202 173.993248
50.639351 57.042256
133.273243 238.377889
85.870425 234.208876
569.672137 225.296030
59.056983 200.229385
150.032356 137.924124
337.279511 267.779518
426.969721 346.309447
267.399257 34.396823
7.603755 245.002507
89.498084 281.586622
257.905335 267.382085
299.381465 202.299908
586.882280 309.922869
16.755201 269.875404
172.246781 421.484952
291.776837 39.913075
568.030460 189.655520
624.592757 7.900101
103.210004 251.544146
55.993482 47.165943
379.344491 421.158794
151.426644 247.096015
166.490627 97.622749
554.271945 11.643619
45.293720 268.203177
496.823974 226.248837
254.581621 142.079761
301.072139 189.078876
187.139964 229.551269
242.286043 235.323733
639.839012 262.472032
356.155654 448.054220
567.075258 335.357103
591.494036 15.143191
192.426969 56.603732
228.931164 279.195404
259.732635 144.709270
485.880985 171.446037
222.270525 261.533409
590.605512 62.249421
548.083265 105.224339
365.861790 414.707371
530.930785 326.047535
180.694222 65.183327
309.114128 184.095593
184.239800 177.124635
418.713957 392.179231
48.375749 12.210172
497.930270 64.452070
233.604575 331.963201
264.172071 143.868696
101.775259 70.554048
237.681442 63.851782
199.524271 458.592530
223.583893 223.001525
45.307397 27.403236
515.037977 321.510962
204.004167 383.885881
365.433601 145.502383
476.440544 56.848106
18.495889 214.886807
278.292500 39.998951
31.816814 244.099006
268.312620 193.038222
475.853870 353.284150
42.860818 89.726209
510.370986 50.612284
133.473412 267.393367
152.411714 199.435693
