7526.201424 -908.105353 7714.551483
6849.523494 -9865.107969 9915.138848
2579.787667 1593.449352 3026.195549
9844.418877 -2632.339625 4221.752780
7152.776565 659.486569 7486.450726
8156.630357 -5510.082444 6856.005841
7794.340923 1707.490133 5950.227580
5679.665883 -5703.733101 6537.457470
9690.871858 1824.491685 4694.344579
7933.379060 -2332.539837 9718.417284
5869.050187 -4219.271480 5022.917459
9801.680879 -8320.396939 8628.241408
7951.984368 -6613.064912 4332.784428
5835.186908 -1785.781196 4618.702941
5743.497035 -845.521874 4459.459064
5253.181009 -6409.791532 7302.936798
6019.484303 -1121.738420 6515.881944
5701.784924 -3483.508150 8397.082161
2728.212345 -2439.561396 7230.831840
4338.411266 -2304.635733 2748.951857
5387.444317 -6128.028054 6706.203721
4039.921022 -2871.024530 9754.662904
5577.678425 -5383.824335 7096.286989
8671.328549 1439.296881 4513.179427
9650.202110 -770.528431 6880.439423
4371.799224 -1640.227450 5512.308438
3669.255060 1738.686117 5795.834079
2948.167787 -3370.770560 7930.372185
7155.589313 -5905.291153 8895.198783
9702.798773 -8463.080090 9598.756610
9500.750286 -8266.797768 5431.022140
6306.071143 -5132.292748 8550.095311
5095.565243 -4738.708206 7247.961154
7742.175196 3283.730055 6598.475319
5566.877347 -5596.416124 6943.148013
9271.652871 -6042.045787 7478.320096
8200.860044 -1104.641489 9872.995858
5866.532506 1245.751103 8793.677471
9141.616756 -1787.938596 4179.994850
4779.741705 -7123.997533 8119.473122
5315.840166 -6215.006907 9563.338189
5953.599243 -1745.281858 7890.603280
7016.631030 -1033.997637 6776.052787
5748.248233 3285.859263 6545.068211
4871.187831 -7921.489928 9373.600884
3015.702329 -2576.896227 9431.399708
7646.795328 -712.704257 3745.696486
5345.433454 2750.923159 4308.865936
9102.518591 3619.146691 3351.049077
5653.827280 -5483.447694 8534.787442
5696.617326 -3456.251563 3499.171580
2659.803839 1329.479511 5375.064114
5063.063623 -3140.796247 7012.738404
8225.643036 -4036.649214 5491.635729
8568.232212 2751.905781 3323.715038
3417.045514 -3385.209873 6053.132627
6440.580830 2202.400719 5900.214662
4355.686017 12.362801 3729.537467
3538.134767 765.313535 3575.037172
7503.309672 -4591.280744 9077.534761
4483.965498 -673.998838 5383.476137
9809.628280 5020.538380 8848.575236
3284.200618 669.891454 7988.517617
5962.655443 3204.907321 7476.993954
9740.416448 3357.976006 3630.665538
6553.782851 -1852.835124 3769.015832
6367.204660 -2962.074289 9194.012010
8561.352038 -2372.945826 6573.492419
9701.022780 2042.931749 7004.537085
6173.775706 -2737.206485 8315.525113
8504.551715 3257.588992 3991.743628
9430.326231 2933.403671 5152.910308
2671.706792 1218.792516 5370.798282
4741.769093 2560.342525 6010.095067
7031.563316 -2469.602535 4144.013168
8014.959968 -1201.085506 7042.118227
8314.740210 -4638.160988 7890.350141
4471.362884 1304.941661 8037.365352
8715.620730 -6603.508189 3939.929266
9107.752252 2127.538193 4363.316111
3757.169130 -897.862519 6729.070276
6576.242603 -1140.315125 5207.953805
6974.848419 -4150.129959 4414.182547
8043.472532 -1996.866277 4426.556012
2012.834634 -379.637840 6392.131777
7227.917929 -3148.580926 8164.043190
9826.533168 -8237.168513 4712.839740
4841.292978 2411.828227 6122.916730
3123.955016 -1250.098285 7349.353784
8330.730522 -4.544474 5988.503750
9616.121446 1798.128352 4435.782875
5835.641501 -7978.040058 8286.671902
7371.943392 -812.910107 3672.451019
4516.499568 -5598.269329 7316.790977
6028.407427 -1031.092416 5848.316651
5400.605294 2023.509415 7877.403672
6527.350541 -5362.010460 4782.114511
9959.089939 2318.697872 4381.368950
3920.896957 -2285.319734 6095.765797
5348.986987 -2820.847995 5991.797651
