 -4.3983161e-001
 -4.1635954e-001
 -1.5172395e-001
 -4.2230465e-001
 -5.9237074e-001
 -4.1288059e-001
 -7.1442843e-001
 -3.5429729e-001
 -4.5554349e-001
 -3.1691905e-001
 -1.6120999e-001
 -1.0443076e+000
 -3.5605034e-001
 -5.9013653e-001
 -4.9903710e-001
 -7.3113478e-001
 -3.3757057e-001
 -7.8896172e-001
 -4.4581894e-001
 -7.1118959e-001
 -6.9632216e-001
 -7.2186648e-001
 -1.0624831e+000
 -4.6896160e-001
 -5.4329326e-001
 -4.6602441e-001
 -6.7350942e-001
 -5.7805134e-001
 -7.0730422e-001
 -3.3813451e-001
 -4.9706478e-001
 -5.2434071e-001
 -9.7591232e-001
 -1.9297869e-001
 -5.6371777e-001
 -4.6524797e-001
 -6.3029952e-001
 -2.1789729e-001
 -4.4891171e-001
 -3.2072929e-001
 -6.2670248e-001
 -5.9311025e-001
 -8.4475113e-001
 -7.1785840e-001
 -6.1946409e-001
 -4.2006191e-001
 -6.6046652e-001
 -4.9751781e-001
 -5.6937298e-001
 -5.3763058e-001
 -4.0873997e-001
 -6.8978588e-001
 -4.4914706e-001
 -1.1375671e-001
 -3.0863342e-001
 -6.7768302e-001
 -8.2897303e-001
 -6.1714262e-001
 -2.7619302e-001
 -5.6340893e-001
 -3.2605529e-001
 -3.5617050e-001
 -3.2078447e-001
 -2.5848565e-001
 -4.5030290e-001
 -4.5924054e-001
 -1.9659571e-001
 -3.1318130e-001
 -5.8056532e-001
 -2.7445028e-001
 -8.5313132e-001
 -3.7793197e-001
 -1.4461458e-001
 -3.3265797e-001
 -8.0726011e-001
 -7.9032055e-001
 -6.7641446e-001
 -4.2217854e-001
 -7.9804742e-001
 -7.4868738e-001
 -1.0421837e+000
 -8.3308128e-001
 -3.5573701e-001
 -5.1802835e-001
 -5.7705248e-001
 -5.8707392e-001
 -7.6935093e-001
 -4.2804610e-001
 -3.1161667e-001
 -6.9788503e-001
 -7.4916392e-001
 -3.6441579e-001
 -6.4140027e-001
 -3.1680566e-001
 -5.4136292e-001
 -4.6989066e-001
 -3.5014791e-001
 -4.8981002e-001
 -5.1218116e-001
 -3.9272422e-001
